-0.27 -0.500000000000 0.0
-0.27 -0.450000000000 0.0
-0.27 -0.400000000000 0.0
-0.27 -0.350000000000 0.0
-0.27 -0.300000000000 0.0
-0.27 -0.250000000000 0.0
-0.27 -0.200000000000 0.0
-0.27 -0.150000000000 0.0
-0.27 -0.100000000000 0.0
-0.27 -0.0500000000000 0.0
-0.27 0.0 0.0
-0.27 0.0500000000000 0.0
-0.27 0.100000000000 0.0
-0.27 0.150000000000 0.0
-0.27 0.200000000000 0.0
-0.27 0.250000000000 0.0
-0.27 0.300000000000 0.0
-0.27 0.350000000000 0.0
-0.27 0.400000000000 0.0
-0.27 0.450000000000 0.0
-0.27 0.500000000000 0.0